bandwidth	Quadrature	MLS_1e4_deg2	MLS_1e5_deg2	MLS_1e6_deg2	MLS_1e4_deg3	MLS_1e5_deg3	MLS_1e6_deg3	MLS_1e4_deg4	MLS_1e5_deg4	MLS_1e6_deg4
4	0.002945	0.00803	0.009638	0.024768	0.006852	0.009801	0.024225	0.006368	0.009912	0.0245
5	0.003746	0.008635	0.009857	0.025426	0.006819	0.009608	0.025395	0.006801	0.010516	0.025832
6	0.006423	0.008794	0.0104	0.025104	0.007706	0.010412	0.025285	0.007877	0.011968	0.026259
7	0.004444	0.009051	0.010992	0.025442	0.007921	0.011514	0.026009	0.008823	0.012745	0.027346
8	0.00309	0.009309	0.011229	0.026441	0.008474	0.0119	0.026982	0.009864	0.013881	0.028693
9	0.005932	0.009891	0.012146	0.026522	0.009901	0.0129	0.027982	0.012094	0.015205	0.029561
10	0.005019	0.011338	0.012105	0.027546	0.011141	0.013486	0.028003	0.012902	0.016726	0.031131
11	0.005391	0.01093	0.012829	0.027182	0.011113	0.01481	0.029825	0.014289	0.017591	0.032502
12	0.004813	0.012244	0.013517	0.028691	0.012324	0.015353	0.030507	0.017027	0.019495	0.034161
13	0.005062	0.012487	0.014146	0.028837	0.01349	0.016221	0.031199	0.018148	0.021498	0.0366
14	0.006468	0.01337	0.015224	0.030265	0.014555	0.019886	0.032704	0.02031	0.023711	0.037609
15	0.006304	0.013021	0.015797	0.031223	0.015534	0.018924	0.035137	0.021937	0.024917	0.040871
16	0.003255	0.014166	0.01717	0.034482	0.017795	0.019908	0.037403	0.02438	0.026403	0.041826
17	0.008062	0.014465	0.017347	0.032839	0.018192	0.020918	0.03603	0.026108	0.028349	0.043662
18	0.005273	0.015372	0.018148	0.034173	0.019796	0.022394	0.037765	0.030549	0.032522	0.048295
19	0.005599	0.015999	0.019693	0.035515	0.021079	0.024697	0.040162	0.033086	0.035494	0.0514
20	0.005808	0.016931	0.019856	0.035243	0.022616	0.025367	0.040173	0.035301	0.036756	0.051935
21	0.00555	0.018131	0.022353	0.0384	0.025028	0.031911	0.044452	0.037889	0.041641	0.055565
22	0.006023	0.018533	0.021655	0.03708	0.025583	0.028148	0.044096	0.041149	0.042612	0.05846
23	0.005509	0.019245	0.022865	0.039291	0.027133	0.029564	0.04539	0.0488	0.047463	0.063869
24	0.005374	0.020176	0.023539	0.04096	0.029074	0.030967	0.047222	0.049517	0.051534	0.067298
25	0.006293	0.021252	0.024962	0.041503	0.031069	0.033118	0.049681	0.054774	0.055576	0.074897
26	0.005945	0.023485	0.026169	0.041643	0.03523	0.035814	0.053022	0.060421	0.059354	0.075725
27	0.005742	0.023618	0.027151	0.043254	0.0378	0.038017	0.054996	0.062855	0.06325	0.080174
28	0.005546	0.024991	0.027535	0.043669	0.039945	0.041579	0.058444	0.06763	0.067057	0.085515
29	0.008159	0.025965	0.029236	0.045033	0.042728	0.043692	0.061092	0.075237	0.074141	0.091583
30	0.006622	0.026981	0.030273	0.048574	0.045412	0.045738	0.065882	0.078716	0.078699	0.099934
31	0.005989	0.037499	0.039749	0.049464	0.061209	0.061116	0.068339	0.104827	0.084827	0.103668
32	0.003621	0.02982	0.032569	0.049689	0.051377	0.052344	0.069343	0.090331	0.089529	0.107041
33	0.008016	0.030981	0.034316	0.049932	0.053895	0.054148	0.072706	0.097189	0.096058	0.11412
34	0.005366	0.032082	0.03542	0.054075	0.05715	0.058428	0.075447	0.101176	0.104916	0.119096
35	0.005121	0.032988	0.03556	0.052802	0.059547	0.059771	0.077844	0.111959	0.106615	0.125478
36	0.005958	0.037449	0.039644	0.056575	0.063235	0.063215	0.082673	0.11614	0.11223	0.131494
37	0.01431	0.038116	0.040966	0.060479	0.068953	0.06747	0.088948	0.12133	0.118925	0.139793
38	0.004746	0.04022	0.041999	0.060118	0.070111	0.072352	0.088834	0.129786	0.125796	0.14488
39	0.005543	0.04328	0.044209	0.063404	0.075756	0.074697	0.093393	0.140855	0.13383	0.151348
40	0.006431	0.044055	0.046285	0.065517	0.078684	0.080383	0.096914	0.143123	0.144329	0.158688
41	0.012519	0.044718	0.047175	0.067148	0.083004	0.082181	0.101296	0.15104	0.147508	0.167785
42	0.006362	0.04736	0.050015	0.068837	0.086101	0.085109	0.105017	0.161735	0.156769	0.178015
43	0.006488	0.051646	0.051742	0.071621	0.092979	0.088817	0.11033	0.167909	0.165102	0.182863
44	0.007714	0.051508	0.053986	0.073411	0.095742	0.094113	0.114385	0.177318	0.17134	0.190878
45	0.00751	0.052883	0.056959	0.075447	0.101581	0.098589	0.119211	0.189043	0.178554	0.198198
46	0.005845	0.055451	0.05999	0.077302	0.10565	0.103158	0.12292	0.197003	0.186267	0.207593
47	0.00717	0.05777	0.062769	0.084059	0.110414	0.108548	0.129749	0.20611	0.196168	0.214737
48	0.006348	0.060242	0.060877	0.082544	0.114772	0.11054	0.132135	0.234228	0.221823	0.244324
49	0.006362	0.06339	0.064736	0.085414	0.123874	0.117613	0.139431	0.241806	0.233686	0.250666
50	0.006807	0.064383	0.067953	0.0923	0.12544	0.122804	0.149787	0.249727	0.243917	0.262305
51	0.006095	0.087816	0.069236	0.089203	0.149846	0.128114	0.149112	0.258467	0.249296	0.269449
52	0.008481	0.069409	0.074133	0.093123	0.137376	0.131654	0.154972	0.272217	0.263568	0.284043
53	0.009246	0.073147	0.075571	0.097456	0.141919	0.139549	0.166929	0.28452	0.275253	0.295991
54	0.00624	0.076358	0.078903	0.099906	0.147452	0.142659	0.16648	0.29766	0.290658	0.305159
55	0.00639	0.079087	0.080106	0.104819	0.161176	0.150557	0.172934	0.309701	0.297101	0.323438
56	0.00646	0.081819	0.0839	0.105828	0.157191	0.156577	0.176791	0.322419	0.311942	0.32839
57	0.006874	0.084093	0.086677	0.110657	0.168404	0.1601	0.189803	0.332761	0.316595	0.341638
58	0.007585	0.087368	0.08936	0.112181	0.171869	0.170058	0.190053	0.340245	0.331023	0.35271
59	0.00763	0.095106	0.093041	0.11846	0.17801	0.17172	0.198058	0.355006	0.346264	0.360362
60	0.00734	0.09408	0.095908	0.119405	0.186868	0.179414	0.205124	0.368244	0.353807	0.376062
61	0.008927	0.096152	0.101905	0.120994	0.190975	0.184417	0.210497	0.385322	0.367316	0.393327
62	0.007367	0.099191	0.10388	0.125252	0.197208	0.194509	0.215696	0.393358	0.376128	0.39839
63	0.007041	0.103895	0.106307	0.127851	0.207166	0.206178	0.224075	0.409406	0.394931	0.416724
64	0.008015	0.10809	0.109581	0.132218	0.212259	0.203721	0.228926	0.413477	0.404934	0.426759
65	0.008754	0.112124	0.113372	0.136293	0.217723	0.213874	0.234037	0.431873	0.415521	0.442173
66	0.007225	0.115158	0.113958	0.142178	0.224919	0.218623	0.238997	0.440772	0.42776	0.44947
67	0.008883	0.116131	0.11891	0.142481	0.232356	0.230013	0.248238	0.466199	0.447204	0.472779
68	0.008755	0.119952	0.12275	0.149709	0.239604	0.23144	0.259964	0.479857	0.459257	0.484488
69	0.007984	0.12415	0.125201	0.150328	0.248192	0.239718	0.262606	0.494513	0.475874	0.500451
70	0.007338	0.129434	0.130163	0.152839	0.253238	0.244333	0.276561	0.505015	0.487825	0.505377
71	0.010047	0.131096	0.13164	0.157195	0.26209	0.249794	0.277136	0.523421	0.496698	0.521051
72	0.007628	0.136314	0.142496	0.166038	0.292202	0.277373	0.304113	0.54171	0.521934	0.538766
73	0.009371	0.141433	0.144174	0.167438	0.294381	0.286452	0.313489	0.556188	0.531959	0.56108
74	0.011081	0.145537	0.149876	0.171212	0.307618	0.295902	0.324101	0.572355	0.577435	0.586202
75	0.007498	0.149462	0.148157	0.173717	0.313662	0.30604	0.32746	0.606288	0.581254	0.597133
76	0.010305	0.156504	0.157219	0.180511	0.326324	0.312136	0.340548	0.612838	0.589256	0.609881
77	0.007786	0.160658	0.164703	0.189218	0.337333	0.328928	0.353829	0.623288	0.610967	0.630737
78	0.007979	0.161503	0.164335	0.191095	0.342063	0.334615	0.35792	0.650106	0.625421	0.647451
79	0.010923	0.166704	0.171664	0.223106	0.360483	0.34805	0.373859	0.678294	0.660352	0.677408
80	0.008654	0.171608	0.174734	0.198444	0.361011	0.349243	0.379723	0.715082	0.685875	0.703377
81	0.009112	0.176663	0.178326	0.201942	0.369372	0.358839	0.380333	0.731531	0.705903	0.709627
82	0.010582	0.181174	0.183035	0.212094	0.382851	0.371304	0.397136	0.750467	0.717472	0.739406
83	0.011437	0.185489	0.191356	0.216539	0.392173	0.378122	0.406327	0.754229	0.730586	0.760712
84	0.009759	0.191761	0.19642	0.219403	0.399509	0.387929	0.420876	0.794311	0.762211	0.77967
85	0.009516	0.196304	0.199628	0.225269	0.414069	0.399909	0.425074	0.797956	0.772544	0.798594
86	0.009633	0.203204	0.203022	0.232609	0.422008	0.40364	0.432274	0.835892	0.804795	0.817963
87	0.008975	0.208738	0.210395	0.241638	0.435098	0.422253	0.450149	0.85518	0.819811	0.835742
88	0.009731	0.212721	0.211518	0.240599	0.443086	0.432795	0.457103	0.865771	0.831642	0.856418
89	0.011996	0.219675	0.223123	0.248933	0.448497	0.442849	0.466914	0.89317	0.850444	0.868459
90	0.009101	0.220059	0.229713	0.252563	0.467398	0.455527	0.480819	0.899055	0.879949	0.904987
91	0.009793	0.225767	0.22973	0.25551	0.485606	0.472443	0.499628	0.933889	0.890371	0.901576
92	0.011925	0.231879	0.23378	0.261944	0.492561	0.475605	0.502324	0.944045	0.90589	0.935827
93	0.009712	0.246091	0.241631	0.263078	0.506172	0.486157	0.512013	0.975567	0.946989	0.964639
94	0.010077	0.245418	0.24231	0.269087	0.517969	0.497809	0.523067	1.007687	0.966985	0.996392
95	0.010475	0.251438	0.252289	0.283197	0.535383	0.510333	0.551498	1.02656	0.992602	1.01553
96	0.010405	0.263719	0.254491	0.283077	0.542532	0.517726	0.546855	1.043383	1.01363	1.04208
97	0.011224	0.264072	0.264163	0.289562	0.566872	0.547821	0.576345	1.042234	1.018956	1.059449
98	0.010439	0.265512	0.270146	0.301411	0.574637	0.559849	0.59237	1.0817	1.03636	1.079562
99	0.01308	0.277618	0.274879	0.301561	0.59062	0.569292	0.604449	1.089832	1.047876	1.087757
100	0.011423	0.280893	0.280519	0.311605	0.602957	0.597741	0.616056	1.118306	1.07224	1.103359
101	0.012914	0.284632	0.289399	0.313097	0.616232	0.595721	0.621259	1.126302	1.094404	1.124527
102	0.011294	0.29184	0.292591	0.313622	0.630703	0.609205	0.634204	1.150942	1.097825	1.133672
103	0.013628	0.294942	0.296869	0.32547	0.644974	0.621785	0.647193	1.179786	1.127674	1.175457
104	0.013525	0.305361	0.299222	0.331091	0.66563	0.629955	0.65499	1.191061	1.153439	1.167218
105	0.010206	0.309265	0.309205	0.337753	0.66887	0.647962	0.674573	1.2075	1.166222	1.205409
106	0.013697	0.331332	0.318561	0.346454	0.689886	0.655518	0.685805	1.22055	1.186847	1.215425
107	0.014746	0.321564	0.330062	0.36126	0.700811	0.681357	0.70502	1.279329	1.24116	1.253
108	0.014065	0.329547	0.329834	0.356665	0.717265	0.694582	0.731122	1.286569	1.254844	1.283362
109	0.01515	0.33612	0.332372	0.366008	0.73985	0.720971	0.746391	1.317962	1.279357	1.293558
110	0.010564	0.342153	0.346228	0.374042	0.749051	0.727813	0.757863	1.340198	1.29018	1.326251
111	0.015924	0.351318	0.356584	0.384762	0.766346	0.744608	0.781827	1.360907	1.322268	1.336695
112	0.010517	0.361109	0.35932	0.384494	0.777765	0.750126	0.780226	1.378435	1.336382	1.372278
113	0.014405	0.366063	0.361302	0.390623	0.792569	0.767601	0.799912	1.417775	1.348816	1.393283
114	0.012289	0.375752	0.368605	0.404105	0.813843	0.786973	0.815355	1.425978	1.382281	1.416805
115	0.013143	0.381344	0.375501	0.408567	0.8265	0.805169	0.83393	1.456547	1.408179	1.433133
116	0.01462	0.391574	0.382476	0.419972	0.848835	0.823688	0.845671	1.487974	1.442737	1.477906
117	0.012737	0.391044	0.38912	0.420926	0.878469	0.839136	0.861866	1.522098	1.454527	1.493983
118	0.012507	0.396021	0.401506	0.42559	0.896801	0.858575	0.884896	1.53867	1.477743	1.520608
119	0.012413	0.404887	0.401128	0.44611	0.902854	0.875498	0.907225	1.555639	1.508042	1.55873
120	0.011745	0.431259	0.433198	0.463501	0.921988	0.885732	0.917734	1.571749	1.542392	1.584938
121	0.014168	0.440895	0.438639	0.472183	0.926932	0.901461	0.926974	1.631485	1.57996	1.610584
122	0.015054	0.450612	0.447953	0.484337	0.949256	0.919877	0.94882	1.65531	1.596966	1.634529
123	0.016089	0.465693	0.460937	0.488385	0.954823	0.936643	0.97534	1.685284	1.631714	1.671425
124	0.01512	0.469778	0.464523	0.499519	0.983001	0.945511	0.97781	1.721999	1.653873	1.695121
125	0.012428	0.475219	0.476091	0.505572	0.998314	0.962494	0.98715	1.774443	1.70919	1.736362
126	0.013037	0.483928	0.488843	0.512903	1.009942	0.97769	0.995632	1.806943	1.723606	1.753912
127	0.013935	0.496948	0.493519	0.529434	1.041584	1.014447	1.041076	1.831843	1.775955	1.800296
128	0.014421	0.504733	0.508312	0.533419	1.052256	1.022348	1.043627	1.875937	1.79634	1.844614
