bandwidth	Projection	LSQR	MLS_Harm_deg1	MLS_Harm_deg2	MLS_Harm_deg3	MLS_Harm_deg4
4	0.0296614798524934	0.0296733336091521	0.0359014528134168	0.0360399857471911	0.035985356360085	0.0359744290186083
5	0.0296614732992299	0.0296752793986534	0.0309740160081485	0.0310432096338809	0.0309999695155165	0.0310045596767375
6	0.0249362065622144	0.0249894119078309	0.0279368739089235	0.0279531081470718	0.027958665092286	0.027961288718244
7	0.0249361973148251	0.0250031170262445	0.0265074796167206	0.0263354333535142	0.0263457420367377	0.0263050141583232
8	0.0211346054719533	0.0212141404987646	0.0232258235721609	0.0232759425051438	0.0231859231701958	0.023187523093578
9	0.0211345926391222	0.0212328931888271	0.0312635428344743	0.0347395051590775	0.0340966958849027	0.0354776571303104
10	0.0177432142884826	0.0179910743501947	0.0189010246157132	0.0193086721638423	0.0192448518423232	0.0194166837187338
11	0.0177431986711984	0.0180287963230862	0.0193636269289857	0.0193871259027198	0.0192905520795184	0.0192020652634862
12	0.0162923659533769	0.0165689869058493	0.0265085445850982	0.0271544092473672	0.0267846796422098	0.0275411831559004
13	0.0162923486177726	0.0166024606023934	0.017888949363448	0.0189081215195376	0.0184162005701054	0.0190092314492515
14	0.0142224788558299	0.014578318101506	0.0149736346974199	0.0158122820659998	0.0153140000974527	0.0159195445835619
15	0.0142224604393522	0.0146089777447043	0.0175251070589783	0.0182223943246796	0.0176137806375643	0.0189083725573372
16	0.0134904493031009	0.0138056552483813	0.014125054509924	0.0142215857191011	0.0143220851479023	0.0145357405446458
17	0.0134904315674362	0.0138434595755879	0.0154299979404411	0.0154811743785294	0.0151267432377661	0.0150366751321572
18	0.012549135915841	0.0129690924298438	0.0149037036464201	0.0151172739720297	0.0153095027238786	0.0154607243044592
19	0.0125491199110811	0.0129886474182556	0.0142754516845218	0.0151834756955418	0.0148892311686458	0.0153212449417081
20	0.0119107568804054	0.012272310660888	0.0145129033499688	0.0154998140157284	0.0155703120519285	0.0158602066309912
21	0.0119107428560028	0.012273557992201	0.0129157859345101	0.0131137043271522	0.0130312085366687	0.0130539200046737
22	0.0112805279724429	0.0116547276332481	0.0125985108960402	0.0129856761121215	0.013055305980823	0.0133079848391742
23	0.0112805165606185	0.0116493732139722	0.014886050982452	0.016097315517908	0.0155599708561963	0.0160573031989672
24	0.0108335269329255	0.0111846575292003	0.0135566412494445	0.015198694694776	0.0147072972121902	0.0154382229215709
25	0.0108335181481034	0.0111885286730143	0.0120340397885345	0.0125714463890037	0.0123634251689047	0.0125464745013621
26	0.0104791659024987	0.0107395337148573	0.0135307712694388	0.0148057341243573	0.0143311753969983	0.0152265811410788
27	0.0104791595745675	0.0107402289835486	0.0116315232365993	0.0124030726773715	0.0120661413957312	0.0126316423044147
28	0.0102949584061128	0.0105214910355535	0.0113140606979825	0.0119241791927574	0.0115029306804696	0.0118916936995665
29	0.0102949541783806	0.0105229903469019	0.012818947766676	0.014108110126958	0.0137265745178386	0.0143850367105626
30	0.0101234117458986	0.0103360952595033	0.013880684233375	0.0149645372284988	0.0147427693833711	0.0152271278496256
31	0.0101234090049177	0.0103356055280074	0.0142104592663264	0.0166733680389648	0.0163107704236113	0.0172447866562912
32	0.010007025727919	0.0102107141965299	0.0138026495796634	0.01530852859494	0.0151365388018182	0.01591830442157
33	0.0100070240462481	0.0102133077218586	0.0127662832908116	0.0143953626507052	0.0138661623664669	0.0143844061647529
34	0.00993932239958862	0.0101446028142896	0.0114520547742779	0.0119589433671352	0.0117214569485616	0.0119565681824499
35	0.00993932121679056	0.0101464557996219	0.0106811742553123	0.0108226605125308	0.010680160724654	0.0107295132150728
36	0.00988275208276237	0.0100777340166176	0.0109248685927064	0.0111669493962605	0.0111215555562222	0.0111352065444207
37	0.00988275107723801	0.0100780138262505	0.0122075729138138	0.0127955652920708	0.0126661047159944	0.0132692785562214
38	0.00982483326499593	0.010002508295591	0.0129886145410763	0.0142416100190801	0.0140786522444553	0.0147911625326426
39	0.00982483214020874	0.0100005502613732	0.0128980243064719	0.0144920790835741	0.0140686391954672	0.0149821945440343
40	0.00976443190529928	0.00992222543323646	0.0129771257206879	0.0149460456965373	0.0145440874825659	0.0153960276924516
41	0.00976443046711421	0.00992148772772078	0.012240950416547	0.0133100568795327	0.0131410848681359	0.0138024729354484
42	0.00969039896634114	0.00984416926785683	0.0120433924431189	0.0132490493612568	0.012973109352247	0.0133845553089373
43	0.00969039713170512	0.00984349278678998	0.0117812204332643	0.0127374964026507	0.0125095158533154	0.0128957980019272
44	0.00960195183223084	0.00977365872796984	0.0118222820054436	0.0126473551113986	0.0124947966934876	0.0128908418212862
45	0.00960194949100545	0.0097751236328606	0.0116712178105959	0.0127021294445928	0.0123671451173007	0.013018604535031
46	0.00948776296809802	0.00969381785949074	0.012310562098032	0.0132293649548425	0.0129336054831646	0.0133827703903846
47	0.00948776013006122	0.00969523007241695	0.0118176774049905	0.0128589327523713	0.0125131162129812	0.0132171345555273
48	0.00936701396192482	0.00960134158733934	0.0121433407601033	0.0129186432455769	0.0126618547880462	0.0130849286964818
49	0.0093670105573656	0.00960246909138853	0.0112430577294674	0.0124072921238657	0.012309871172291	0.0128869128237834
50	0.00920080213863761	0.00946577870609358	0.0114957950891096	0.0124146789832129	0.0122613808229809	0.0128153658888476
51	0.00920079818436614	0.00946515006652389	0.0113932685456364	0.012011063757072	0.0119791224039176	0.0124277634441613
52	0.0090298070605441	0.00932849562125325	0.0112534874495876	0.0121499843756363	0.0119902405244506	0.0125145200444218
53	0.00902980251381005	0.00932612341691908	0.0109227892428061	0.0118607343179085	0.0117982467239178	0.0121966807794517
54	0.00880761110988621	0.00914039908416689	0.010937442516994	0.0117925607478936	0.0115280099746436	0.0122425630322692
55	0.00880760597713455	0.00913576831228048	0.0106980210452026	0.0118338890016706	0.0115760690725453	0.012067979250897
56	0.00857777067249311	0.00894936336500742	0.0105026379802812	0.0113689789068553	0.0111632158046509	0.0118308542142624
57	0.00857776499737155	0.00894625677544139	0.0103821559927677	0.0112970238266729	0.0112628539363874	0.011731694586871
58	0.00830263939530227	0.00873813056552293	0.0104277726946087	0.0109882996156315	0.010953542809761	0.0113325903702761
59	0.00830263316771662	0.0087401845369324	0.00984725900470475	0.0108839995388772	0.0105546286940505	0.0112169482367296
60	0.0079979925307099	0.00848606747637325	0.00980632767310862	0.0105689635139442	0.0103775467675298	0.0108598832209193
61	0.00799798583748906	0.00848570704871313	0.00971582356873499	0.010324977728795	0.010209621896113	0.0106477481100581
62	0.00766707033710544	0.00821119494865475	0.00905670020667142	0.0101515502702036	0.00988059648053217	0.0105194516262706
63	0.00766706325710126	0.00820945935918454	0.00959933562252058	0.0100005157767157	0.00980137505095339	0.0101395830582567
64	0.00730870084970238	0.00790033326443257	0.00855747096939856	0.00963454295197883	0.00940730876462629	0.010053061064367
65	0.00730869348849131	0.00789520847184833	0.00922452474543767	0.00946111251664966	0.00929438747678021	0.00964856352598915
66	0.00692299533948524	0.00757917397203273	0.00808971000400096	0.00903584834572805	0.00881529709673383	0.00946741241785181
67	0.00692298781165265	0.00757773764152919	0.00858742372396926	0.00888003850984122	0.00870423028810099	0.0091214590365088
68	0.00651686801038589	0.00724237324025035	0.00797209933884409	0.00842322109474157	0.00827614654290453	0.00880025174265389
69	0.0065168604385237	0.00724579962986029	0.00787645575715467	0.0083136869024892	0.00805035682656595	0.00857623836160842
70	0.00610207075049158	0.00688739536065761	0.00789576098971796	0.00777805297763074	0.00787045914937055	0.0080476380710993
71	0.00610206328872623	0.00689101697085116	0.0069935049688881	0.00759194560061105	0.0074130286849662	0.00796191522275593
72	0.00566811694701829	0.00649154189665288	0.00763905277471944	0.00747587032789573	0.00736462064169757	0.00751840090377165
73	0.00566810967391486	0.00649090648295915	0.00640337977181506	0.00691593070253635	0.0068306661116208	0.00729276488194949
74	0.00523573270616782	0.00610671164093311	0.00711883258410576	0.00696505493456234	0.00685392957645822	0.00692521949029301
75	0.00523572577130444	0.00610368533716527	0.00641029403197585	0.00642485038927788	0.00644990527302335	0.00672162140242681
76	0.00480326478763325	0.00573522633031945	0.00629421495160781	0.00642020732533531	0.00612367592101245	0.00641067038549974
77	0.00480325825565356	0.00572895154477465	0.00634867933277335	0.00598206754539131	0.00608689314912598	0.00616303851555978
78	0.0043736038369078	0.0053079573253391	0.00549535155832289	0.00580707528451313	0.00535234356336779	0.00583581121804599
79	0.00437359778668528	0.00530319645516181	0.00625325265267873	0.00562908569863879	0.00573775529993071	0.00556717460128559
80	0.00395962390757832	0.00493865633934988	0.00467720558034109	0.00509753664594278	0.0046246556823298	0.00520149827561963
81	0.00395961839948651	0.00493466305889333	0.0058669771491206	0.0052789952228178	0.00526649498679881	0.00506216581994501
82	0.00355480533280417	0.00457818752431015	0.00445118596361123	0.00453019702906119	0.00415192351169864	0.00470250954662346
83	0.0035548003792278	0.00457633062496746	0.00521033523831487	0.00463239878816243	0.00465662749670818	0.00450164934734489
84	0.0031692864728271	0.00422763289880171	0.00468704656408886	0.00419242262590185	0.00398571818504234	0.00420893476852033
85	0.00316928210501716	0.00422001088656598	0.00460748484020951	0.00395962122700573	0.00395325802643915	0.00395116363793488
86	0.0028061998030536	0.00382441269773049	0.00506562688550687	0.00394013044932501	0.00395746114303501	0.00377396890733389
87	0.00280619600635538	0.00381890514961469	0.00410303810895324	0.00350616569682943	0.00334845552285107	0.0034650085341708
88	0.00246429540399899	0.00345533575767554	0.00487150265760229	0.00369117946051506	0.00380459119006657	0.00335423505982066
89	0.00246429218292568	0.00345070335524985	0.0037672689137035	0.00326145259666365	0.00290829939366183	0.00305098550730727
90	0.0021450500173467	0.00307867786608928	0.00457373411203179	0.00331569024855712	0.00347273662385405	0.00300461358470496
91	0.00214504731955419	0.00307739321215152	0.00377284478550041	0.00322172134645512	0.00276318127664115	0.00277190207314806
92	0.00185572886538347	0.00278204554773098	0.00395899303779027	0.00277986002442704	0.00303745514631312	0.00267773743153011
93	0.00185572668525438	0.00277581337118894	0.00375471192643674	0.00323970823196031	0.00272870722671319	0.00255694034018811
94	0.00159295994270803	0.00256047015066584	0.00361233286020029	0.00238331547438677	0.00262250189206989	0.00231527381987685
95	0.00159295822856473	0.00255343666009361	0.0038904488132662	0.00302643346540785	0.00264014078729803	0.00231102539173507
96	0.00136022052306098	0.00237782143834228	0.00355122302040419	0.00224630459880173	0.002322785299355	0.00202964330524344
97	0.00136021922880862	0.00237842034891844	0.00398737488939979	0.00278054948181826	0.00247660012084519	0.00212376713024621
98	0.00116032488795937	0.00222034072250223	0.00349395317220058	0.00216623969416813	0.00212777069096801	0.0018466951238774
99	0.00116032396692667	0.00222969219503081	0.00363205777260354	0.00242613437411109	0.00229395103012191	0.00192407303080686
100	0.000993836768683382	0.00206696635667355	0.00346947238988286	0.00213869078203468	0.00211390122399946	0.00172213424840015
101	0.000993836156637574	0.00205317585441903	0.00348932424244641	0.00220798707694383	0.0021660489534479	0.00171843857272733
102	0.00086114332470567	0.00193447984954801	0.00341733100519391	0.00225235129055412	0.00212781591456954	0.00163870609028048
103	0.00086114295636807	0.00195246233760558	0.00362410272256645	0.00209591369499898	0.00218734750526323	0.00165985380623742
104	0.000763346882099473	0.00182560763667276	0.00364729450282827	0.00230175280587154	0.00207053138695152	0.00159833128623799
105	0.000763346689356132	0.00185388424108338	0.00368079839359216	0.00203516578989536	0.00224202578621782	0.00157372007969714
106	0.000696608709197158	0.00181575533535887	0.00368054045988133	0.00237385374685122	0.00206603747705241	0.00158070587961599
107	0.00069660862403577	0.00180671636320756	0.00357336741659398	0.00200905071505635	0.00219238251277682	0.00161921080711352
108	0.000653314574588091	0.00177742671863017	0.00366855930168375	0.00233385142122255	0.00206441437134558	0.0015642462769619
109	0.000653314544805047	0.00178778695349182	0.00349688331491334	0.0020043089628619	0.00210606088145272	0.00158804325601848
110	0.00062839411719299	0.00179778084637469	0.00339888986385433	0.00223931222941164	0.00205545500058793	0.0015726361680709
111	0.000628394109826942	0.00176971120871652	0.00338124824134336	0.00209955906688153	0.00197110555896448	0.00157074660942638
112	0.000612925394152481	0.00177967300906613	0.00333394593607337	0.00229181684383725	0.00208522684614809	0.00160956864863569
113	0.000612925393020896	0.00177777502336507	0.00339950525271886	0.00223027117968277	0.00193929957295874	0.00161958799823343
114	0.000601656677625854	0.00176247703769239	0.00329408913039486	0.00212940415991346	0.00207220088416727	0.00158355968860175
115	0.000601656676112004	0.00177609062656132	0.00348987286760652	0.00229494639063828	0.00201145130796575	0.00156701223812451
116	0.000590280668648292	0.00176109790794218	0.00331735429405529	0.00206815545198241	0.00204308585228015	0.00152674318601939
117	0.000590280661140686	0.00176137357906641	0.00361386511870122	0.00218586184638545	0.00201061800044304	0.00153888569801906
118	0.000577049279489911	0.00171819057864097	0.0035741504066405	0.00204227904986686	0.00207370709380314	0.00154274443995314
119	0.000577049254232186	0.00177146516047872	0.00352610311952162	0.00211292324421059	0.00198925418402209	0.00153234290051449
120	0.000561337950757151	0.00174980175342366	0.0035429515037028	0.00199211845003717	0.00215709748199443	0.00158127968511191
121	0.000561337885277317	0.00176770760329874	0.00346957793854221	0.00224349533214406	0.00197357189027363	0.00150035287584172
122	0.000543749653980275	0.0017712527980538	0.00357776493112144	0.00201712380221223	0.00216406305300906	0.00162710933517596
123	0.000543749518443998	0.00173678983510363	0.00345320049531779	0.00222071035841799	0.0019547209300127	0.00148817909971689
124	0.000524630311258043	0.00173790163353123	0.00356875441185826	0.00209092266976869	0.00212416467175332	0.00161051727058301
125	0.000524630060606431	0.0017485275235381	0.00343995867489087	0.00221048377199961	0.00201626886269236	0.00154303504812634
126	0.000506399181433362	0.00176904040241282	0.00362053431638149	0.00212216567291435	0.00203462308180219	0.00157737511728761
127	0.000506398770624336	0.0017602864660623	0.00348425493118731	0.00217804102859024	0.00215221100908259	0.00157726551893806
128	0.000489191491530214	0.00175778562272567	0.00345190008061753	0.00227307783824497	0.00191383983743382	0.00155636504415583
