bandwidth	LSQR	MLS_Harm_deg1	MLS_Harm_deg2	MLS_Harm_deg3	MLS_Harm_deg4
4	0.059142	0.285195	0.195452	0.163384	0.140094
5	0.06047	0.274138	0.194097	0.163381	0.140813
6	0.067851	0.275629	0.195989	0.164435	0.143302
7	0.085861	0.27698	0.197537	0.166576	0.145619
8	0.069382	0.276209	0.196521	0.165881	0.144159
9	0.109855	0.278406	0.198984	0.168476	0.148644
10	0.097277	0.279418	0.197783	0.167819	0.148869
11	0.143086	0.280037	0.199541	0.169266	0.151616
12	0.118635	0.279933	0.201524	0.170475	0.15261
13	0.161866	0.281005	0.200597	0.175845	0.154657
14	0.12272	0.279311	0.200676	0.172593	0.160991
15	0.194154	0.281384	0.202844	0.175697	0.16563
16	0.132589	0.283127	0.204859	0.179554	0.159821
17	0.16162	0.282136	0.205065	0.178904	0.164123
18	0.281522	0.282421	0.204742	0.179539	0.165889
19	0.175279	0.282466	0.204466	0.179268	0.168677
20	0.326677	0.283476	0.204642	0.181674	0.172022
21	0.392591	0.284093	0.205964	0.184205	0.175738
22	0.250525	0.283179	0.207984	0.184396	0.177733
23	0.261616	0.284734	0.20787	0.186096	0.181646
24	0.471556	0.285443	0.20918	0.18823	0.186852
25	0.3062	0.286792	0.210582	0.191371	0.18904
26	0.354652	0.287999	0.211313	0.192127	0.197588
27	0.755005	0.288773	0.212961	0.195665	0.200381
28	0.766923	0.289494	0.214411	0.199267	0.208368
29	0.455068	0.300292	0.215374	0.201843	0.208976
30	0.780657	0.29036	0.217585	0.207259	0.215191
31	0.450704	0.290825	0.217799	0.207069	0.220392
32	0.436868	0.289769	0.217842	0.209215	0.223508
33	1.447749	0.294006	0.223181	0.215506	0.237252
34	0.637011	0.292429	0.231982	0.231972	0.237517
35	0.570482	0.292495	0.223326	0.218713	0.24471
36	1.318129	0.294467	0.22952	0.224635	0.254635
37	0.881439	0.302197	0.235022	0.233627	0.267111
38	0.781337	0.296372	0.230226	0.230874	0.272333
39	0.803915	0.296523	0.234044	0.2346	0.276605
40	1.626058	0.297863	0.235179	0.2398	0.289441
41	1.172225	0.316356	0.258158	0.247485	0.310085
42	0.95826	0.299733	0.237131	0.244808	0.3107
43	1.06632	0.300767	0.239858	0.250169	0.321059
44	2.372885	0.302566	0.243994	0.256021	0.330813
45	1.300973	0.302843	0.246245	0.260749	0.332374
46	1.134126	0.303971	0.246761	0.266834	0.342778
47	1.31453	0.304928	0.24869	0.271745	0.369048
48	1.336181	0.305954	0.250122	0.273714	0.377735
49	1.302738	0.306801	0.254004	0.27906	0.387943
50	2.513037	0.310477	0.260536	0.287601	0.402297
51	1.529753	0.311007	0.259317	0.289296	0.416516
52	3.337677	0.31281	0.264554	0.29838	0.42884
53	1.927771	0.315293	0.26524	0.308996	0.44701
54	1.76635	0.320587	0.273128	0.322559	0.475727
55	1.889172	0.315386	0.269142	0.321679	0.467789
56	2.103191	0.316339	0.271582	0.331387	0.487642
57	2.357084	0.319059	0.273181	0.344166	0.506923
58	2.605049	0.321316	0.278748	0.345811	0.525317
59	2.844664	0.323375	0.281278	0.351431	0.531625
60	4.292938	0.32651	0.285212	0.356701	0.536366
61	2.694311	0.328806	0.288644	0.365872	0.569691
62	3.281663	0.327297	0.291532	0.372825	0.572721
63	2.858555	0.328738	0.296901	0.38505	0.604617
64	5.898581	0.332195	0.299492	0.403277	0.605829
65	3.643561	0.333525	0.303931	0.411816	0.63846
66	4.319152	0.332632	0.30713	0.417763	0.647858
67	5.644133	0.339305	0.310561	0.424699	0.665286
68	9.113673	0.33841	0.317346	0.436368	0.670342
69	5.112646	0.340805	0.315831	0.432453	0.703876
70	5.229746	0.341633	0.322045	0.439717	0.707645
71	7.055176	0.343	0.323644	0.456537	0.737972
72	5.722048	0.345689	0.327651	0.46506	0.75675
73	6.82733	0.34786	0.333455	0.488876	0.787878
74	7.937552	0.354914	0.341732	0.494165	0.791968
75	6.397123	0.351571	0.341501	0.498169	0.819649
76	13.860587	0.357488	0.348872	0.507791	0.822731
77	6.896683	0.357189	0.346711	0.534817	0.852859
78	7.771021	0.358694	0.359292	0.542812	0.855573
79	10.176808	0.364109	0.364315	0.564789	0.885635
80	13.433403	0.363742	0.368287	0.566157	0.899927
81	8.832463	0.364415	0.371819	0.575766	0.938638
82	11.840236	0.374013	0.379195	0.596181	0.94617
83	13.481005	0.373924	0.387841	0.608183	0.970759
84	16.542158	0.378033	0.396328	0.629403	1.004281
85	11.982609	0.377237	0.397655	0.625179	1.010674
86	14.272679	0.378164	0.404421	0.633939	1.039759
87	13.788434	0.413493	0.407641	0.641472	1.062682
88	19.779947	0.38469	0.413643	0.663764	1.080437
89	17.31403	0.390579	0.420804	0.677227	1.085647
90	15.347771	0.397759	0.425872	0.67924	1.13102
91	15.139395	0.394289	0.428703	0.703737	1.140605
92	33.644746	0.399073	0.438334	0.713336	1.173303
93	19.979022	0.399591	0.441624	0.721174	1.225359
94	21.785169	0.406829	0.450819	0.737077	1.250888
95	19.853514	0.409638	0.465964	0.758814	1.267257
96	22.23177	0.407531	0.466483	0.757869	1.288022
97	23.456714	0.416506	0.475307	0.770627	1.302021
98	21.700067	0.425274	0.48103	0.799995	1.323042
99	50.665576	0.421455	0.492983	0.820896	1.326769
100	44.670519	0.420235	0.50572	0.825221	1.341134
101	28.299584	0.423996	0.509041	0.833187	1.370541
102	30.581874	0.424488	0.516381	0.862507	1.392169
103	40.185035	0.42885	0.52743	0.887785	1.41459
104	42.970128	0.438337	0.544181	0.888174	1.439118
105	27.218698	0.441125	0.539065	0.905426	1.461086
106	41.701299	0.444631	0.546608	0.9154	1.463243
107	42.258023	0.450537	0.539289	0.932659	1.506428
108	59.293657	0.446679	0.549601	0.957001	1.53715
109	42.832921	0.456892	0.559699	0.962348	1.564976
110	32.533782	0.460908	0.561807	0.970391	1.591854
111	43.519587	0.464845	0.595197	1.00155	1.601921
112	40.910822	0.463064	0.599315	1.020215	1.651153
113	49.051912	0.462242	0.605571	1.041347	1.667783
114	43.594261	0.469037	0.613211	1.063355	1.741576
115	47.634409	0.471938	0.623669	1.064706	1.758859
116	80.514888	0.481282	0.624661	1.099586	1.775973
117	38.329765	0.488203	0.635941	1.116958	1.793634
118	52.116733	0.481445	0.658154	1.098512	1.805044
119	44.01475	0.487812	0.676371	1.121167	1.841138
120	42.011013	0.492467	0.670323	1.113168	1.860428
121	53.696242	0.495122	0.674566	1.150525	1.901063
122	52.112703	0.506823	0.707207	1.179364	1.940429
123	55.253175	0.50652	0.711331	1.221032	1.990679
124	97.039713	0.51145	0.718166	1.218402	2.040427
125	49.467431	0.515806	0.707657	1.214967	2.02259
126	53.412983	0.516774	0.717658	1.247803	2.06747
127	60.717516	0.524436	0.740219	1.267807	2.078951
128	70.340569	0.529832	0.744597	1.297452	2.130558
