iterations	misfit	penalty	solutionNorm	rms	time
10	5.69885428138442	6.04108785382203	191035.971632559	8.50815509260547	0.368342
18	3.54581044226273	4.93898147054901	156184.307683027	5.76852071258296	0.640457
34	1.54392194305401	3.47524363850969	109896.853217015	2.54252178370318	1.07926
62	0.819612901946803	2.10736386002816	66640.6965641327	2.14199793456825	2.019932
114	0.558664323382553	1.29292915864331	40886.0099455803	1.84975853266031	3.59177
209	0.499257862833257	0.817026945237856	25836.6605668128	1.83312542333369	6.413112
383	0.485958110038095	0.589729504187298	18648.8843663367	1.81945215198959	12.031573
704	0.482859051708281	0.478967084404983	15146.2691096986	1.81640316546802	22.500412
1292	0.482023421830854	0.437736049772508	13842.4293124596	1.81425987574538	41.629509
2373	0.481720163071111	0.426684300214675	13492.9423051344	1.81435187467729	75.25912
4357	0.481722752346318	0.423256352011005	13384.5410648876	1.81409917035155	136.282581
8000	0.481695521569751	0.421979100264524	13344.1508182446	1.81390359249575	251.661846
