iterations	misfit	penalty	solutionNorm	rms	time
10	14.0146155515181	8.3675095171828	26460.3884174335	12.400896906829	0.410091
18	11.7450018888765	8.37345018038905	26479.1744439772	11.2609412104185	0.631982
34	8.11217780149107	7.87823975054597	24913.181564602	8.40310348369806	1.078326
62	3.82924598530863	6.08798387299836	19251.8953970481	4.37708731841153	2.03913
114	1.98626560043678	3.62304298171281	11457.0678829003	3.01129967192167	3.626988
209	1.51304115629605	2.26582200079974	7165.15829504705	2.8213851637762	6.714241
383	1.32032752456523	1.49314026765391	4721.7241118998	2.74194031254679	12.140373
704	1.29326005349352	1.17574920770823	3718.04545349642	2.71271719669392	21.822527
1292	1.28539300648688	1.07178612054827	3389.28530548834	2.70381780403923	43.168946
2373	1.28525722186469	1.02513772928074	3241.77013990022	2.69140342015294	73.995298
4357	1.28462523074946	1.01674262989047	3215.22250464347	2.68757596831415	138.773801
8000	1.28453655433581	1.016617937058	3214.82819128497	2.68778980131623	252.091528
