iterations	misfit	penalty	solutionNorm	rms	time
10	4.94546141584864	3.23624296870942	323624.296870942	8.09034390962229	0.407776
18	2.36354620198716	3.42207083004353	342207.083004353	4.94884777911285	0.691397
34	1.07490140941228	2.51958840539528	251958.840539528	2.0647977828083	1.151349
62	0.578518442726425	1.63760135292166	163760.135292166	1.72536210920312	2.033697
114	0.368904678662329	1.03911847711018	103911.847711018	1.45512578670604	3.618707
209	0.315210711773808	0.656283882286723	65628.3882286723	1.43505399792897	6.698494
383	0.301148164564967	0.435768797660007	43576.8797660007	1.42212750008899	11.839167
704	0.298448345796459	0.324414377194334	32441.4377194334	1.41930564653243	21.915399
1292	0.297384808927824	0.279442955014581	27944.2955014581	1.41778974328415	40.450352
2373	0.297235574353233	0.260520585597569	26052.0585597569	1.41742262683184	73.735779
4357	0.297171370143019	0.254380714275608	25438.0714275608	1.41732646256863	137.276366
8000	0.297094560055679	0.252806319201734	25280.6319201734	1.41717265352123	250.161226
