iterations	misfit	penalty	solutionNorm	rms	time
10	8.47372113277844	7.470143606434	74701.43606434	10.1160798208384	0.378377
18	5.60644468345912	6.51072042553155	65107.2042553155	7.26616479411981	0.676715
34	2.28591556715588	4.54379011218271	45437.9011218271	3.2065804165305	1.13017
62	1.29490952117244	2.68620307818572	26862.0307818572	2.58992975366253	1.96973
114	0.910246488002377	1.69398622760863	16939.8622760862	2.28070836522783	3.76038
209	0.830190980909037	1.12353122815671	11235.3122815671	2.2522523438876	6.601026
383	0.80771968878294	0.82172301180118	8217.2301180118	2.24311307492534	12.390505
704	0.803565506662347	0.711754903124749	7117.54903124748	2.2367769681806	21.933488
1292	0.802553982669453	0.679609331890998	6796.09331890998	2.23795816931894	40.588998
2373	0.801948878046596	0.66714930184416	6671.4930184416	2.23488790481603	74.987512
4357	0.80189746171953	0.664018742505747	6640.18742505747	2.23402102463419	136.662923
8000	0.801846798080165	0.663812163428993	6638.12163428993	2.23386874640191	250.911909
