panel	iterations	seconds	misfit	rms	minimum	maximum
MLS	NaN	0.732982	1.298857126	1.666139949	-61.40137092	36.37853206
HAMLS	NaN	8.8218605	1.336430331	1.785751856	-61.42881971	36.38840479
LSQR_1xT	280	8.865328	0.7377513241	2.15971512	-63.12205882	39.11563644
LSQR_5xT	1410	45.844559	0.7256688795	2.154407206	-68.91053328	35.84476454
LSQR_10xT	2823	89.110599	0.7251961957	2.151144883	-68.67922822	38.27272113
LSQR_15xT	4236	136.228642	0.7251936307	2.150717611	-68.39554532	40.81600732
LSQR_20xT	5649	176.326028	0.7251700789	2.150628255	-68.41331807	41.18518365
LSQR_25xT	7062	221.00875	0.7251768176	2.150657712	-68.43861129	41.39957005
LSQR_30xT	8475	267.724003	0.7251770635	2.15065931	-68.43946661	41.35405126
LSQR_35xT	9888	312.124721	0.7251761369	2.150683172	-68.44022876	41.18304114
LSQR_40xT	11301	355.363274	0.7251761689	2.150695633	-68.44119638	41.1697665
LSQR_50xT	14128	446.554433	0.7251770196	2.150685196	-68.44176875	41.21489065
LSQR_100xT	28258	889.023476	0.7251769432	2.150685537	-68.4419019	41.21325951
