bandwidth	tHAMLS_deg4	iter_x1	iter_x5	iter_x10	iter_x15	iter_x20	iter_x25	iter_x30	iter_x35	iter_x40	iter_x50	iter_x100
4	0.10978	311	1635	3290	4945	6600	8256	9911	11566	13221	16532	33084
5	0.109246	309	1661	3351	5041	6731	8421	10111	11801	13491	16871	33771
6	0.112753	207	1130	2285	3440	4594	5749	6903	8058	9212	11522	23067
7	0.116675	148	845	1716	2587	3458	4328	5199	6070	6941	8682	17391
8	0.113559	215	1170	2365	3559	4754	5948	7143	8337	9532	11921	23866
9	0.116069	83	457	924	1392	1859	2327	2794	3261	3729	4663	9337
10	0.11881	101	559	1130	1702	2274	2845	3417	3989	4560	5704	11421
11	0.120595	57	306	619	931	1243	1555	1867	2179	2491	3116	6237
12	0.12951	77	415	837	1259	1681	2103	2526	2948	3370	4214	8435
13	0.12324	43	233	471	708	946	1183	1421	1658	1896	2371	4746
14	0.125117	67	373	755	1137	1520	1902	2284	2666	3048	3813	7635
15	0.129574	28	153	309	465	621	776	932	1088	1244	1556	3115
16	0.128371	53	285	573	862	1151	1440	1729	2018	2306	2884	5773
17	0.134361	48	260	526	791	1056	1321	1587	1852	2117	2648	5300
18	0.134344	25	137	277	417	557	697	837	977	1116	1396	2795
19	0.136871	55	298	603	907	1211	1515	1819	2123	2427	3035	6076
20	0.140613	29	160	323	486	649	812	975	1138	1301	1627	3258
21	0.145187	25	135	273	411	549	687	825	963	1101	1376	2755
22	0.147034	54	286	576	866	1156	1446	1736	2027	2317	2897	5799
23	0.151137	54	290	585	880	1175	1470	1765	2060	2355	2945	5894
24	0.157739	33	173	348	524	700	875	1051	1226	1402	1753	3508
25	0.166792	56	299	603	906	1210	1514	1818	2121	2425	3032	6070
26	0.174211	62	327	660	992	1325	1657	1989	2322	2654	3319	6643
27	0.170323	27	145	292	440	587	735	882	1030	1177	1472	2946
28	0.174994	31	165	332	500	667	835	1002	1170	1337	1672	3347
29	0.180386	57	311	628	944	1261	1578	1895	2212	2528	3162	6330
30	0.183815	31	182	371	560	749	938	1127	1316	1504	1882	3771
31	0.188716	69	361	726	1092	1457	1823	2188	2553	2919	3650	7304
32	0.192384	77	400	803	1206	1610	2013	2416	2820	3223	4030	8063
33	0.204554	24	129	260	392	523	654	785	917	1048	1311	2623
34	0.208896	67	348	699	1051	1402	1754	2105	2457	2808	3511	7026
35	0.213101	73	385	775	1166	1556	1947	2337	2727	3118	3898	7802
36	0.219755	35	183	368	553	738	923	1108	1293	1478	1849	3700
37	0.228564	56	321	652	984	1315	1647	1978	2309	2641	3304	6619
38	0.231249	74	401	810	1219	1627	2036	2445	2854	3262	4080	8168
39	0.237727	88	463	931	1400	1868	2336	2805	3273	3741	4678	9361
40	0.248651	46	239	481	723	965	1207	1449	1691	1932	2416	4835
41	0.257386	66	351	708	1064	1421	1778	2135	2491	2848	3561	7128
42	0.259419	90	467	938	1409	1879	2350	2821	3292	3762	4704	9411
43	0.271985	88	452	908	1364	1820	2275	2731	3187	3643	4554	9113
44	0.285757	44	229	459	690	921	1152	1382	1613	1844	2305	4613
45	0.285933	80	421	847	1273	1700	2126	2552	2978	3405	4257	8519
46	0.290116	92	476	955	1435	1914	2394	2874	3353	3833	4792	9587
47	0.321338	95	507	1021	1536	2050	2565	3080	3594	4109	5138	10284
48	0.334044	115	592	1187	1783	2378	2974	3569	4165	4760	5951	11906
49	0.342576	128	662	1328	1995	2661	3328	3994	4661	5328	6661	13326
50	0.351371	62	318	639	960	1281	1602	1923	2244	2565	3206	6415
51	0.365748	100	513	1029	1545	2061	2577	3093	3609	4125	5157	10318
52	0.371769	50	258	519	779	1040	1300	1561	1821	2082	2603	5208
53	0.389827	82	427	858	1289	1719	2150	2581	3012	3442	4304	8611
54	0.420041	132	675	1354	2033	2712	3391	4070	4749	5428	6786	13576
55	0.426582	131	669	1342	2015	2687	3360	4033	4706	5379	6725	13453
56	0.45067	145	745	1494	2244	2993	3743	4493	5242	5992	7491	14986
57	0.455371	148	760	1526	2291	3057	3823	4588	5354	6120	7651	15307
58	0.478043	148	758	1520	2282	3044	3806	4568	5330	6092	7616	15237
59	0.487212	148	758	1519	2281	3043	3805	4567	5329	6091	7615	15235
60	0.508927	83	424	850	1276	1702	2128	2554	2980	3406	4259	8520
61	0.512319	120	619	1243	1866	2489	3113	3736	4359	4983	6229	12463
62	0.540754	133	679	1362	2044	2727	3410	4092	4775	5458	6823	13649
63	0.558603	170	867	1738	2609	3480	4351	5222	6093	6964	8706	17416
64	0.570227	86	439	881	1323	1765	2207	2649	3091	3533	4417	8837
65	0.585511	136	696	1396	2096	2796	3496	4197	4897	5597	6997	13997
66	0.592514	135	688	1380	2071	2762	3454	4145	4837	5528	6911	13826
67	0.604314	122	626	1256	1886	2516	3146	3776	4406	5036	6296	12595
68	0.623651	70	359	720	1080	1441	1802	2163	2524	2885	3606	7215
69	0.625632	134	684	1371	2058	2745	3432	4119	4807	5494	6868	13740
70	0.658748	149	759	1521	2283	3045	3807	4569	5331	6093	7617	15238
71	0.683137	116	593	1190	1787	2384	2981	3578	4175	4772	5966	11936
72	0.702496	164	851	1709	2567	3425	4283	5142	6000	6858	8574	17155
73	0.715146	147	751	1506	2261	3016	3771	4527	5282	6037	7547	15099
74	0.739358	151	773	1550	2327	3104	3882	4659	5436	6213	7768	15540
75	0.753205	172	873	1750	2627	3504	4381	5258	6135	7012	8766	17535
76	0.773337	75	390	783	1177	1570	1963	2357	2750	3144	3931	7865
77	0.795197	167	848	1699	2550	3401	4252	5103	5954	6805	8507	17018
78	0.805314	153	779	1561	2344	3126	3908	4690	5473	6255	7820	15642
79	0.843744	136	692	1387	2082	2777	3472	4167	4862	5558	6948	13899
80	0.856286	107	546	1095	1644	2193	2742	3291	3840	4389	5487	10976
81	0.891134	171	867	1737	2607	3478	4348	5218	6088	6959	8699	17402
82	0.908145	144	735	1473	2211	2950	3688	4426	5165	5903	7380	14763
83	0.91984	142	721	1445	2170	2894	3619	4343	5067	5792	7240	14484
84	0.942091	113	576	1156	1735	2314	2893	3472	4051	4631	5789	11580
85	0.974142	163	827	1657	2488	3318	4148	4979	5809	6639	8300	16604
86	0.994405	159	809	1620	2431	3243	4054	4866	5677	6489	8112	16226
87	1.020721	197	1001	2005	3010	4014	5019	6023	7028	8032	10041	20086
88	1.037071	130	660	1322	1984	2647	3309	3971	4633	5295	6620	13242
89	1.055555	151	767	1537	2307	3077	3847	4617	5387	6158	7698	15398
90	1.084473	207	1048	2099	3149	4200	5251	6302	7353	8404	10505	21013
91	1.088022	225	1139	2281	3423	4565	5706	6848	7990	9132	11416	22835
92	1.103997	102	517	1037	1556	2075	2595	3114	3633	4153	5191	10384
93	1.151917	183	925	1852	2779	3706	4633	5560	6488	7415	9269	18540
94	1.189603	175	885	1773	2661	3549	4437	5325	6212	7100	8876	17754
95	1.21983	229	1157	2316	3476	4636	5795	6955	8115	9274	11594	23191
96	1.235949	227	1148	2298	3448	4598	5749	6899	8049	9199	11500	23003
97	1.244064	217	1098	2199	3300	4401	5503	6604	7705	8806	11008	22020
98	1.269913	231	1167	2338	3508	4678	5848	7018	8189	9359	11699	23401
99	1.352771	99	504	1010	1516	2022	2528	3034	3540	4046	5058	10119
100	1.337983	120	606	1214	1822	2430	3038	3646	4254	4862	6078	12158
101	1.369303	201	1017	2036	3055	4074	5094	6113	7132	8151	10190	20382
102	1.365447	209	1056	2115	3173	4232	5291	6349	7408	8467	10584	21171
103	1.382809	176	890	1784	2677	3570	4464	5357	6250	7143	8930	17863
104	1.405321	143	727	1457	2187	2917	3646	4376	5106	5836	7295	14593
105	1.450892	217	1097	2196	3295	4394	5493	6593	7692	8791	10989	21981
106	1.429939	165	838	1678	2519	3360	4200	5041	5881	6722	8403	16809
107	1.49114	186	940	1883	2825	3768	4710	5653	6595	7538	9423	18848
108	1.493991	114	580	1163	1745	2328	2910	3492	4075	4657	5822	11646
109	1.519231	194	983	1969	2955	3941	4927	5913	6899	7885	9857	19718
110	1.569459	252	1274	2550	3827	5104	6380	7657	8934	10210	12764	25531
111	1.606483	209	1056	2114	3173	4231	5290	6348	7407	8465	10582	21167
112	1.616188	263	1325	2652	3980	5307	6635	7962	9289	10617	13272	26546
113	1.671137	200	1009	2021	3033	4045	5057	6069	7081	8093	10117	20236
114	1.71645	238	1202	2405	3609	4813	6017	7221	8425	9629	12037	24076
115	1.72211	229	1157	2318	3478	4638	5798	6958	8119	9279	11599	23201
116	1.75158	122	615	1232	1849	2465	3082	3699	4315	4932	6166	12333
117	1.747783	237	1194	2391	3587	4784	5980	7177	8374	9570	11963	23929
118	1.81642	198	997	1997	2997	3996	4996	5995	6995	7994	9993	19989
119	1.866147	253	1275	2553	3831	5109	6387	7665	8944	10222	12778	25558
120	1.881776	261	1314	2630	3946	5262	6579	7895	9211	10527	13159	26321
121	1.923696	187	943	1888	2833	3778	4723	5668	6614	7559	9449	18900
122	1.970528	237	1196	2394	3592	4790	5988	7186	8384	9582	11978	23959
123	1.97546	226	1141	2286	3430	4574	5718	6862	8006	9150	11438	22879
124	2.02114	136	688	1378	2067	2757	3446	4136	4826	5515	6895	13791
125	2.082815	265	1333	2669	4004	5340	6676	8011	9347	10683	13354	26711
126	2.120853	257	1300	2603	3906	5209	6512	7815	9118	10421	13027	26056
127	2.123317	234	1181	2364	3547	4730	5913	7097	8280	9463	11829	23661
128	2.184742	195	984	1969	2955	3940	4926	5911	6897	7882	9854	19709
